-7 2.5
-7 2
-7 1.5
-7 1
-7 0.5
-7 0
-6 2
-6 1.5
-6 1
-6 0.5
-6 0
-5 2
-5 1.5
-5 1
-5 0.5
-5 0
-4 1.5
-4 1
-4 0.5
-4 0
-4 -0.5
-4 -1
-3 1
-3 0.5
-3 0
-3 -0.5
-3 -1
-3 -1.5
-2 1
-2 0.5
-2 0
-2 -0.5
-2 -1
-2 -1.5
-2 -2
-2 -2.5
-2 -3
-2 -3.5
-2 -4
-2 -4.5
-2 -5
-1.5 -1
-1.5 -1.5
-1.5 -2
-1.5 -2.5
-1.5 -3
-1.5 -3.5
-1.5 -4
-1.5 -4.5
-1.5 -5
-1 0.5
-1 0
-1 -0.5
-1 -1
-1 -1.5
-1 -2
-1 -2.5
-1 -3
-1 -3.5
-1 -4
-1 -4.5
-1 -5
0 0.5
0 0
0 -0.5
0 -1
0 -1.5
0 -2
1 0.5
1 0
1 -0.5
1 -1
1 -1.5
2 0.5
2 0
2 -0.5
2 -1
2 -1.5
3 0.5
3 0
3 -0.5
3 -1
3 -1.5
4 0.5
4 0
4 -0.5
4 -1
4 -1.5
5 0.5
5 0
5 -0.5
5 -1
5 -1.5
6 0.5
6 0
6 -0.5
6 -1
6 -1.5
7 0.5
7 0
7 -0.5
7 -1
7 -1.5
